              precision    recall  f1-score   support

           0       0.91      0.95      0.93       395
           1       0.91      0.83      0.87       395
           2       0.91      0.72      0.80       415
           3       0.64      0.97      0.77       406
           4       0.74      0.86      0.80       402
           5       0.88      0.91      0.89       402
           6       0.89      0.54      0.67       388
           7       0.82      0.80      0.81       419
           8       0.54      0.54      0.54       389
           9       0.97      0.90      0.93       389

    accuracy                           0.80      4000
   macro avg       0.82      0.80      0.80      4000
weighted avg       0.82      0.80      0.80      4000
