              precision    recall  f1-score   support

           0       0.93      0.98      0.95       395
           1       0.95      0.89      0.92       395
           2       0.90      0.93      0.92       415
           3       0.94      0.88      0.91       406
           4       0.88      0.90      0.89       402
           5       0.95      0.96      0.95       402
           6       0.95      0.89      0.92       388
           7       0.94      0.90      0.92       419
           8       0.83      0.93      0.88       389
           9       0.98      0.96      0.97       389

    accuracy                           0.92      4000
   macro avg       0.93      0.92      0.92      4000
weighted avg       0.93      0.92      0.92      4000
