              precision    recall  f1-score   support

           0       0.93      0.98      0.96       395
           1       0.98      0.90      0.94       395
           2       0.80      0.95      0.87       415
           3       0.94      0.94      0.94       406
           4       0.86      0.89      0.87       402
           5       0.94      0.97      0.95       402
           6       0.94      0.94      0.94       388
           7       0.99      0.76      0.86       419
           8       0.90      0.92      0.91       389
           9       0.98      0.95      0.97       389

    accuracy                           0.92      4000
   macro avg       0.93      0.92      0.92      4000
weighted avg       0.93      0.92      0.92      4000
