              precision    recall  f1-score   support

           0       0.96      0.92      0.94      5000
           1       0.96      0.95      0.96      5000
           2       0.95      0.87      0.91      5000
           3       0.82      0.85      0.83      5000
           4       0.95      0.89      0.92      5000
           5       0.92      0.77      0.84      5000
           6       0.84      0.99      0.91      5000
           7       0.96      0.92      0.94      5000
           8       0.93      0.98      0.96      5000
           9       0.87      0.98      0.92      5000

    accuracy                           0.91     50000
   macro avg       0.92      0.91      0.91     50000
weighted avg       0.92      0.91      0.91     50000
