              precision    recall  f1-score   support

           0       0.97      0.96      0.96       395
           1       0.97      0.92      0.95       395
           2       0.90      0.94      0.92       415
           3       0.89      0.98      0.93       406
           4       0.91      0.93      0.92       402
           5       0.98      0.95      0.97       402
           6       0.96      0.96      0.96       388
           7       0.95      0.91      0.93       419
           8       0.94      0.90      0.92       389
           9       0.98      0.99      0.98       389

    accuracy                           0.94      4000
   macro avg       0.95      0.94      0.94      4000
weighted avg       0.95      0.94      0.94      4000
