              precision    recall  f1-score   support

           0       0.92      0.98      0.95       395
           1       0.94      0.91      0.93       395
           2       0.92      0.90      0.91       415
           3       0.94      0.91      0.92       406
           4       0.82      0.93      0.87       402
           5       0.95      0.95      0.95       402
           6       0.97      0.91      0.94       388
           7       0.97      0.85      0.91       419
           8       0.87      0.95      0.91       389
           9       0.98      0.97      0.97       389

    accuracy                           0.93      4000
   macro avg       0.93      0.93      0.93      4000
weighted avg       0.93      0.93      0.93      4000
