              precision    recall  f1-score   support

           0       0.97      0.99      0.98       395
           1       0.82      0.95      0.88       395
           2       0.95      0.80      0.87       415
           3       0.98      0.92      0.95       406
           4       0.76      0.97      0.85       402
           5       0.90      0.97      0.94       402
           6       0.94      0.97      0.95       388
           7       0.99      0.66      0.79       419
           8       0.84      0.91      0.87       389
           9       0.99      0.92      0.95       389

    accuracy                           0.90      4000
   macro avg       0.91      0.91      0.90      4000
weighted avg       0.91      0.90      0.90      4000
