              precision    recall  f1-score   support

           0       0.97      0.99      0.98       395
           1       0.97      0.96      0.96       395
           2       0.98      0.95      0.97       415
           3       0.98      0.98      0.98       406
           4       0.96      0.98      0.97       402
           5       0.98      0.99      0.98       402
           6       0.96      0.97      0.97       388
           7       0.96      0.97      0.97       419
           8       0.97      0.94      0.96       389
           9       0.97      0.99      0.98       389

    accuracy                           0.97      4000
   macro avg       0.97      0.97      0.97      4000
weighted avg       0.97      0.97      0.97      4000
