              precision    recall  f1-score   support

           0       0.87      0.98      0.92       395
           1       0.00      0.00      0.00       395
           2       0.31      0.04      0.06       415
           3       0.54      0.93      0.68       406
           4       0.00      0.00      0.00       402
           5       0.00      0.00      0.00       402
           6       0.90      0.95      0.93       388
           7       0.17      0.93      0.28       419
           8       0.73      0.10      0.17       389
           9       0.00      0.00      0.00       389

    accuracy                           0.39      4000
   macro avg       0.35      0.39      0.31      4000
weighted avg       0.35      0.39      0.30      4000
