              precision    recall  f1-score   support

           0       0.99      0.99      0.99       395
           1       0.97      0.72      0.83       395
           2       0.90      0.81      0.85       415
           3       0.96      0.92      0.94       406
           4       0.88      0.85      0.87       402
           5       0.89      0.99      0.94       402
           6       0.95      0.93      0.94       388
           7       0.72      0.95      0.82       419
           8       0.87      0.89      0.88       389
           9       0.96      0.96      0.96       389

    accuracy                           0.90      4000
   macro avg       0.91      0.90      0.90      4000
weighted avg       0.91      0.90      0.90      4000
