              precision    recall  f1-score   support

           0       0.98      0.99      0.99       395
           1       0.87      0.95      0.91       395
           2       0.92      0.86      0.89       415
           3       0.96      0.87      0.91       406
           4       0.90      0.81      0.85       402
           5       0.89      0.98      0.93       402
           6       0.94      0.95      0.94       388
           7       0.90      0.89      0.89       419
           8       0.83      0.92      0.87       389
           9       0.98      0.94      0.96       389

    accuracy                           0.91      4000
   macro avg       0.92      0.91      0.91      4000
weighted avg       0.92      0.91      0.91      4000
