              precision    recall  f1-score   support

           0       0.95      0.97      0.96       395
           1       0.97      0.89      0.93       395
           2       0.87      0.96      0.92       415
           3       0.97      0.89      0.93       406
           4       0.88      0.94      0.91       402
           5       0.94      0.96      0.95       402
           6       0.97      0.90      0.93       388
           7       0.97      0.82      0.89       419
           8       0.81      0.96      0.88       389
           9       0.99      0.97      0.98       389

    accuracy                           0.93      4000
   macro avg       0.93      0.93      0.93      4000
weighted avg       0.93      0.93      0.93      4000
