FracAdap    0.3298769776932281    10285   0.13197721650109284
FracOptimizer    1    10285   0.14227505672307705
FracOptimizer2    0.1    10285   0.18936891912996112
FracOptimizerBStable    0.01    10285   0.1899441933346693
FracAdap    0.757858283255211    307277   0.8415987301735219
FracOptimizer    0.21763764082403383    307277   0.874112585385381
FracOptimizer2    0.1    307277   0.9406307648503444
FracOptimizerBStable    0.05    307277   1.0529552187529778
FracAdap    0.14358729437463108    786626   0.6631169017858717
FracOptimizer    1    786626   0.8736700786488305
FracOptimizerBStable    0.05    786626   1.3650126345971243
FracOptimizer2    1    786626   1.3869897712317347
FracOptimizer    0.5    2476   0.4186120908003452
FracOptimizerBStable    0.05    2476   0.43560343858967565
FracAdap    0.40612619817812357    2476   0.4483423181928267
FracOptimizer2    0.1    2476   0.5924671519144646
