              precision    recall  f1-score   support

           0       0.54      0.98      0.70       395
           1       1.00      0.06      0.11       395
           2       0.52      0.73      0.60       415
           3       0.35      0.90      0.51       406
           4       1.00      0.01      0.01       402
           5       0.94      0.33      0.49       402
           6       0.90      0.31      0.46       388
           7       0.37      0.54      0.44       419
           8       0.00      0.00      0.00       389
           9       0.50      0.96      0.66       389

    accuracy                           0.48      4000
   macro avg       0.61      0.48      0.40      4000
weighted avg       0.61      0.48      0.40      4000
