              precision    recall  f1-score   support

           0       0.91      0.98      0.95       395
           1       0.94      0.90      0.92       395
           2       0.92      0.92      0.92       415
           3       0.92      0.92      0.92       406
           4       0.83      0.92      0.87       402
           5       0.96      0.94      0.95       402
           6       0.91      0.91      0.91       388
           7       0.98      0.83      0.90       419
           8       0.87      0.92      0.90       389
           9       0.97      0.95      0.96       389

    accuracy                           0.92      4000
   macro avg       0.92      0.92      0.92      4000
weighted avg       0.92      0.92      0.92      4000
