              precision    recall  f1-score   support

           0       0.95      0.91      0.93      5000
           1       0.89      0.98      0.94      5000
           2       0.90      0.88      0.89      5000
           3       0.84      0.80      0.82      5000
           4       0.92      0.87      0.90      5000
           5       0.90      0.83      0.86      5000
           6       0.84      0.97      0.90      5000
           7       0.96      0.91      0.93      5000
           8       0.97      0.95      0.96      5000
           9       0.90      0.96      0.93      5000

    accuracy                           0.91     50000
   macro avg       0.91      0.91      0.91     50000
weighted avg       0.91      0.91      0.91     50000
