              precision    recall  f1-score   support

           0       0.97      0.94      0.96       395
           1       0.45      0.88      0.60       395
           2       0.26      0.14      0.19       415
           3       0.33      0.95      0.49       406
           4       0.00      0.00      0.00       402
           5       0.00      0.00      0.00       402
           6       0.00      0.00      0.00       388
           7       0.37      0.06      0.10       419
           8       0.00      0.00      0.00       389
           9       0.27      0.96      0.42       389

    accuracy                           0.39      4000
   macro avg       0.27      0.39      0.28      4000
weighted avg       0.27      0.39      0.27      4000
