              precision    recall  f1-score   support

           0       0.97      0.95      0.96       395
           1       0.88      0.94      0.91       395
           2       0.99      0.80      0.89       415
           3       0.88      0.98      0.93       406
           4       0.86      0.95      0.91       402
           5       0.90      0.98      0.94       402
           6       0.96      0.94      0.95       388
           7       0.91      0.87      0.89       419
           8       0.95      0.88      0.91       389
           9       0.98      0.97      0.97       389

    accuracy                           0.93      4000
   macro avg       0.93      0.93      0.93      4000
weighted avg       0.93      0.93      0.93      4000
