              precision    recall  f1-score   support

           0       0.87      0.98      0.92       395
           1       0.79      0.77      0.78       395
           2       0.65      0.83      0.73       415
           3       0.90      0.93      0.91       406
           4       0.75      0.42      0.54       402
           5       0.88      0.91      0.89       402
           6       0.89      0.91      0.90       388
           7       0.89      0.79      0.84       419
           8       0.84      0.84      0.84       389
           9       0.88      0.94      0.91       389

    accuracy                           0.83      4000
   macro avg       0.83      0.83      0.83      4000
weighted avg       0.83      0.83      0.83      4000
