              precision    recall  f1-score   support

           0       0.95      0.91      0.93       395
           1       0.71      0.97      0.82       395
           2       0.85      0.90      0.87       415
           3       0.96      0.93      0.94       406
           4       0.98      0.70      0.82       402
           5       0.96      0.85      0.90       402
           6       0.87      0.97      0.92       388
           7       0.87      0.87      0.87       419
           8       0.96      0.82      0.88       389
           9       0.93      0.98      0.96       389

    accuracy                           0.89      4000
   macro avg       0.90      0.89      0.89      4000
weighted avg       0.90      0.89      0.89      4000
