              precision    recall  f1-score   support

           0       0.99      0.99      0.99       395
           1       0.08      0.00      0.00       395
           2       0.31      0.44      0.36       415
           3       0.64      0.94      0.76       406
           4       0.40      0.52      0.46       402
           5       0.41      0.95      0.57       402
           6       0.93      0.86      0.90       388
           7       0.39      0.36      0.37       419
           8       0.74      0.38      0.50       389
           9       0.00      0.00      0.00       389

    accuracy                           0.55      4000
   macro avg       0.49      0.54      0.49      4000
weighted avg       0.49      0.55      0.49      4000
