              precision    recall  f1-score   support

           0       0.95      0.97      0.96       395
           1       0.98      0.92      0.95       395
           2       0.80      0.96      0.87       415
           3       0.95      0.96      0.95       406
           4       0.88      0.87      0.87       402
           5       0.91      0.95      0.93       402
           6       0.95      0.95      0.95       388
           7       0.98      0.80      0.88       419
           8       0.94      0.93      0.94       389
           9       0.97      0.94      0.96       389

    accuracy                           0.93      4000
   macro avg       0.93      0.93      0.93      4000
weighted avg       0.93      0.93      0.93      4000
