              precision    recall  f1-score   support

           0       0.78      0.90      0.84      5000
           1       0.83      0.96      0.89      5000
           2       0.75      0.77      0.76      5000
           3       0.75      0.54      0.63      5000
           4       0.82      0.79      0.80      5000
           5       0.90      0.51      0.65      5000
           6       0.65      0.95      0.77      5000
           7       0.79      0.90      0.84      5000
           8       0.94      0.85      0.89      5000
           9       0.92      0.85      0.88      5000

    accuracy                           0.80     50000
   macro avg       0.81      0.80      0.80     50000
weighted avg       0.81      0.80      0.80     50000
