              precision    recall  f1-score   support

           0       0.97      0.93      0.95       395
           1       0.45      0.89      0.60       395
           2       0.26      0.13      0.17       415
           3       0.33      0.94      0.48       406
           4       0.00      0.00      0.00       402
           5       0.00      0.00      0.00       402
           6       0.00      0.00      0.00       388
           7       0.39      0.06      0.11       419
           8       0.00      0.00      0.00       389
           9       0.27      0.96      0.42       389

    accuracy                           0.39      4000
   macro avg       0.27      0.39      0.27      4000
weighted avg       0.27      0.39      0.27      4000
