              precision    recall  f1-score   support

           0       0.96      0.97      0.96       395
           1       0.95      0.84      0.89       395
           2       0.85      0.91      0.88       415
           3       0.95      0.74      0.83       406
           4       0.93      0.89      0.91       402
           5       0.95      0.96      0.95       402
           6       0.97      0.75      0.85       388
           7       0.92      0.90      0.91       419
           8       0.63      0.96      0.76       389
           9       0.97      0.97      0.97       389

    accuracy                           0.89      4000
   macro avg       0.91      0.89      0.89      4000
weighted avg       0.91      0.89      0.89      4000
