              precision    recall  f1-score   support

           0       0.77      0.99      0.87       395
           1       0.64      0.07      0.12       395
           2       0.36      0.81      0.50       415
           3       0.64      0.81      0.72       406
           4       0.67      0.04      0.08       402
           5       0.69      0.92      0.79       402
           6       0.62      0.85      0.72       388
           7       0.41      0.16      0.23       419
           8       0.69      0.28      0.39       389
           9       0.62      0.96      0.75       389

    accuracy                           0.59      4000
   macro avg       0.61      0.59      0.52      4000
weighted avg       0.61      0.59      0.51      4000
