              precision    recall  f1-score   support

           0       0.95      0.97      0.96       395
           1       0.96      0.92      0.94       395
           2       0.89      0.90      0.90       415
           3       0.92      0.91      0.91       406
           4       0.93      0.89      0.91       402
           5       0.95      0.97      0.96       402
           6       0.98      0.90      0.94       388
           7       0.95      0.90      0.93       419
           8       0.82      0.93      0.87       389
           9       0.95      0.99      0.97       389

    accuracy                           0.93      4000
   macro avg       0.93      0.93      0.93      4000
weighted avg       0.93      0.93      0.93      4000
