              precision    recall  f1-score   support

           0       0.97      0.97      0.97      5000
           1       0.98      0.97      0.98      5000
           2       0.95      0.96      0.95      5000
           3       0.91      0.91      0.91      5000
           4       0.96      0.95      0.95      5000
           5       0.95      0.89      0.92      5000
           6       0.95      0.97      0.96      5000
           7       0.96      0.97      0.97      5000
           8       0.98      0.99      0.98      5000
           9       0.95      0.98      0.96      5000

    accuracy                           0.96     50000
   macro avg       0.96      0.96      0.96     50000
weighted avg       0.96      0.96      0.96     50000
