              precision    recall  f1-score   support

           0       0.92      0.99      0.96       395
           1       0.97      0.88      0.92       395
           2       0.90      0.92      0.91       415
           3       0.93      0.96      0.95       406
           4       0.81      0.94      0.87       402
           5       0.90      0.97      0.93       402
           6       0.96      0.92      0.94       388
           7       0.99      0.71      0.83       419
           8       0.88      0.96      0.92       389
           9       0.97      0.95      0.96       389

    accuracy                           0.92      4000
   macro avg       0.92      0.92      0.92      4000
weighted avg       0.92      0.92      0.92      4000
