              precision    recall  f1-score   support

           0       0.99      0.99      0.99       395
           1       0.86      0.94      0.90       395
           2       0.91      0.86      0.88       415
           3       0.96      0.90      0.93       406
           4       0.88      0.90      0.89       402
           5       0.89      0.96      0.92       402
           6       0.94      0.95      0.94       388
           7       0.96      0.86      0.91       419
           8       0.86      0.91      0.88       389
           9       0.98      0.94      0.96       389

    accuracy                           0.92      4000
   macro avg       0.92      0.92      0.92      4000
weighted avg       0.92      0.92      0.92      4000
