              precision    recall  f1-score   support

           0       0.20      0.95      0.33       395
           1       0.00      0.00      0.00       395
           2       0.65      0.06      0.11       415
           3       0.15      0.26      0.19       406
           4       0.00      0.00      0.00       402
           5       1.00      0.00      0.00       402
           6       0.00      0.00      0.00       388
           7       0.19      0.61      0.29       419
           8       0.00      0.00      0.00       389
           9       1.00      0.03      0.06       389

    accuracy                           0.19      4000
   macro avg       0.32      0.19      0.10      4000
weighted avg       0.32      0.19      0.10      4000
