              precision    recall  f1-score   support

           0       0.99      0.99      0.99       395
           1       0.79      0.95      0.86       395
           2       0.88      0.86      0.87       415
           3       0.95      0.93      0.94       406
           4       0.92      0.86      0.89       402
           5       0.90      0.97      0.94       402
           6       0.95      0.94      0.94       388
           7       0.96      0.84      0.90       419
           8       0.85      0.91      0.88       389
           9       0.99      0.91      0.95       389

    accuracy                           0.91      4000
   macro avg       0.92      0.92      0.92      4000
weighted avg       0.92      0.91      0.91      4000
