              precision    recall  f1-score   support

           0       0.98      0.95      0.97       395
           1       0.89      0.82      0.85       395
           2       0.87      0.80      0.83       415
           3       0.96      0.86      0.91       406
           4       0.94      0.69      0.80       402
           5       0.90      0.91      0.91       402
           6       0.96      0.86      0.90       388
           7       0.65      0.95      0.77       419
           8       0.79      0.90      0.85       389
           9       0.93      0.97      0.95       389

    accuracy                           0.87      4000
   macro avg       0.89      0.87      0.87      4000
weighted avg       0.89      0.87      0.87      4000
