              precision    recall  f1-score   support

           0       0.00      0.00      0.00       395
           1       0.00      0.00      0.00       395
           2       0.00      0.00      0.00       415
           3       0.15      0.83      0.25       406
           4       0.08      0.35      0.13       402
           5       0.00      0.00      0.00       402
           6       0.00      0.00      0.00       388
           7       0.00      0.00      0.00       419
           8       0.00      0.00      0.00       389
           9       0.00      0.00      0.00       389

    accuracy                           0.12      4000
   macro avg       0.02      0.12      0.04      4000
weighted avg       0.02      0.12      0.04      4000
