              precision    recall  f1-score   support

           0       0.93      0.92      0.92       395
           1       0.00      0.00      0.00       395
           2       0.06      0.01      0.02       415
           3       0.11      0.98      0.21       406
           4       0.00      0.00      0.00       402
           5       0.00      0.00      0.00       402
           6       0.00      0.00      0.00       388
           7       0.08      0.01      0.02       419
           8       0.00      0.00      0.00       389
           9       0.00      0.00      0.00       389

    accuracy                           0.19      4000
   macro avg       0.12      0.19      0.12      4000
weighted avg       0.12      0.19      0.12      4000
