              precision    recall  f1-score   support

           0       0.86      0.82      0.84      5000
           1       0.89      0.92      0.91      5000
           2       0.82      0.70      0.75      5000
           3       0.75      0.55      0.63      5000
           4       0.76      0.83      0.79      5000
           5       0.83      0.62      0.71      5000
           6       0.73      0.93      0.81      5000
           7       0.79      0.89      0.84      5000
           8       0.88      0.91      0.90      5000
           9       0.82      0.93      0.87      5000

    accuracy                           0.81     50000
   macro avg       0.81      0.81      0.81     50000
weighted avg       0.81      0.81      0.81     50000
