              precision    recall  f1-score   support

           0       0.99      0.99      0.99       395
           1       0.91      0.89      0.90       395
           2       0.80      0.95      0.87       415
           3       0.91      0.98      0.94       406
           4       0.85      0.88      0.87       402
           5       0.91      0.96      0.93       402
           6       0.94      0.96      0.95       388
           7       0.99      0.77      0.87       419
           8       0.95      0.89      0.92       389
           9       0.98      0.93      0.95       389

    accuracy                           0.92      4000
   macro avg       0.92      0.92      0.92      4000
weighted avg       0.92      0.92      0.92      4000
