              precision    recall  f1-score   support

           0       0.98      0.99      0.99       395
           1       0.97      0.96      0.96       395
           2       0.98      0.95      0.96       415
           3       0.99      0.98      0.98       406
           4       0.97      0.97      0.97       402
           5       0.98      0.99      0.99       402
           6       0.98      0.97      0.97       388
           7       0.96      0.98      0.97       419
           8       0.96      0.96      0.96       389
           9       0.99      0.99      0.99       389

    accuracy                           0.98      4000
   macro avg       0.98      0.98      0.98      4000
weighted avg       0.98      0.98      0.98      4000
