              precision    recall  f1-score   support

           0       0.98      0.99      0.99       395
           1       0.79      0.96      0.87       395
           2       0.93      0.84      0.88       415
           3       0.91      0.96      0.94       406
           4       0.82      0.93      0.87       402
           5       0.91      0.98      0.94       402
           6       0.92      0.97      0.94       388
           7       0.99      0.73      0.84       419
           8       0.94      0.84      0.89       389
           9       0.98      0.94      0.96       389

    accuracy                           0.91      4000
   macro avg       0.92      0.91      0.91      4000
weighted avg       0.92      0.91      0.91      4000
