              precision    recall  f1-score   support

           0       0.97      0.99      0.98       395
           1       0.88      0.93      0.91       395
           2       0.94      0.84      0.88       415
           3       0.79      0.98      0.87       406
           4       0.87      0.95      0.91       402
           5       0.97      0.93      0.95       402
           6       0.94      0.93      0.94       388
           7       0.89      0.92      0.91       419
           8       0.97      0.74      0.84       389
           9       0.97      0.92      0.94       389

    accuracy                           0.91      4000
   macro avg       0.92      0.91      0.91      4000
weighted avg       0.92      0.91      0.91      4000
