              precision    recall  f1-score   support

           0       0.97      0.97      0.97       395
           1       0.99      0.91      0.95       395
           2       0.78      0.97      0.86       415
           3       0.96      0.96      0.96       406
           4       0.93      0.84      0.88       402
           5       0.86      0.97      0.91       402
           6       0.96      0.96      0.96       388
           7       0.99      0.83      0.90       419
           8       0.93      0.95      0.94       389
           9       0.99      0.93      0.96       389

    accuracy                           0.93      4000
   macro avg       0.94      0.93      0.93      4000
weighted avg       0.93      0.93      0.93      4000
