              precision    recall  f1-score   support

           0       0.99      0.97      0.98      5000
           1       0.98      0.99      0.99      5000
           2       0.98      0.97      0.97      5000
           3       0.96      0.95      0.96      5000
           4       0.99      0.94      0.97      5000
           5       0.95      0.96      0.96      5000
           6       0.97      0.99      0.98      5000
           7       0.95      1.00      0.97      5000
           8       0.99      0.99      0.99      5000
           9       0.97      0.99      0.98      5000

    accuracy                           0.97     50000
   macro avg       0.98      0.97      0.97     50000
weighted avg       0.98      0.97      0.97     50000
