              precision    recall  f1-score   support

           0       0.96      0.95      0.95       395
           1       0.82      0.96      0.89       395
           2       0.93      0.85      0.89       415
           3       0.88      0.94      0.91       406
           4       0.84      0.93      0.88       402
           5       0.85      0.97      0.91       402
           6       0.93      0.96      0.94       388
           7       0.97      0.74      0.84       419
           8       0.98      0.77      0.86       389
           9       0.95      0.97      0.96       389

    accuracy                           0.90      4000
   macro avg       0.91      0.91      0.90      4000
weighted avg       0.91      0.90      0.90      4000
