              precision    recall  f1-score   support

           0       0.95      0.98      0.97       395
           1       0.99      0.92      0.95       395
           2       0.82      0.97      0.89       415
           3       0.92      0.97      0.95       406
           4       0.85      0.90      0.87       402
           5       0.90      0.96      0.93       402
           6       0.95      0.96      0.95       388
           7       0.99      0.76      0.86       419
           8       0.96      0.90      0.93       389
           9       0.99      0.95      0.97       389

    accuracy                           0.93      4000
   macro avg       0.93      0.93      0.93      4000
weighted avg       0.93      0.93      0.93      4000
