              precision    recall  f1-score   support

           0       0.99      0.99      0.99       395
           1       0.00      0.00      0.00       395
           2       0.21      0.91      0.34       415
           3       0.00      0.00      0.00       406
           4       0.27      0.04      0.07       402
           5       0.00      0.00      0.00       402
           6       0.00      0.00      0.00       388
           7       0.23      0.06      0.10       419
           8       0.42      0.01      0.02       389
           9       0.22      0.94      0.36       389

    accuracy                           0.30      4000
   macro avg       0.23      0.30      0.19      4000
weighted avg       0.23      0.30      0.19      4000
