              precision    recall  f1-score   support

           0       0.99      0.94      0.96       395
           1       0.76      0.98      0.85       395
           2       0.82      0.95      0.88       415
           3       0.96      0.94      0.95       406
           4       0.97      0.81      0.88       402
           5       0.95      0.95      0.95       402
           6       0.96      0.93      0.94       388
           7       0.97      0.84      0.90       419
           8       0.95      0.89      0.92       389
           9       0.95      0.97      0.96       389

    accuracy                           0.92      4000
   macro avg       0.93      0.92      0.92      4000
weighted avg       0.93      0.92      0.92      4000
