              precision    recall  f1-score   support

           0       0.93      0.91      0.92      5000
           1       0.96      0.92      0.94      5000
           2       0.97      0.80      0.88      5000
           3       0.93      0.71      0.81      5000
           4       0.85      0.90      0.88      5000
           5       0.95      0.71      0.81      5000
           6       0.79      0.98      0.88      5000
           7       0.87      0.97      0.92      5000
           8       0.90      0.98      0.94      5000
           9       0.80      0.99      0.88      5000

    accuracy                           0.89     50000
   macro avg       0.90      0.89      0.88     50000
weighted avg       0.90      0.89      0.88     50000
