              precision    recall  f1-score   support

           0       0.97      0.98      0.98       395
           1       0.98      0.95      0.96       395
           2       0.92      0.97      0.94       415
           3       0.98      0.92      0.95       406
           4       0.99      0.91      0.95       402
           5       0.98      0.98      0.98       402
           6       0.98      0.95      0.96       388
           7       0.93      0.98      0.96       419
           8       0.87      0.97      0.92       389
           9       0.98      0.99      0.98       389

    accuracy                           0.96      4000
   macro avg       0.96      0.96      0.96      4000
weighted avg       0.96      0.96      0.96      4000
