              precision    recall  f1-score   support

           0       0.96      0.98      0.97       395
           1       0.97      0.90      0.94       395
           2       0.82      0.96      0.88       415
           3       0.90      0.99      0.94       406
           4       0.97      0.83      0.89       402
           5       0.97      0.97      0.97       402
           6       0.89      0.94      0.92       388
           7       0.99      0.86      0.92       419
           8       0.94      0.87      0.90       389
           9       0.92      0.99      0.96       389

    accuracy                           0.93      4000
   macro avg       0.93      0.93      0.93      4000
weighted avg       0.93      0.93      0.93      4000
