              precision    recall  f1-score   support

           0       0.98      0.99      0.99       395
           1       0.92      0.87      0.89       395
           2       0.84      0.94      0.89       415
           3       0.96      0.87      0.91       406
           4       0.93      0.86      0.89       402
           5       0.80      0.99      0.89       402
           6       0.96      0.95      0.95       388
           7       0.97      0.86      0.91       419
           8       0.87      0.92      0.89       389
           9       0.98      0.93      0.96       389

    accuracy                           0.92      4000
   macro avg       0.92      0.92      0.92      4000
weighted avg       0.92      0.92      0.92      4000
