              precision    recall  f1-score   support

           0       0.98      0.99      0.98       395
           1       0.82      0.96      0.88       395
           2       0.94      0.84      0.89       415
           3       0.95      0.91      0.93       406
           4       0.92      0.93      0.92       402
           5       0.92      0.94      0.93       402
           6       0.96      0.92      0.94       388
           7       0.94      0.88      0.91       419
           8       0.81      0.93      0.86       389
           9       1.00      0.89      0.94       389

    accuracy                           0.92      4000
   macro avg       0.92      0.92      0.92      4000
weighted avg       0.92      0.92      0.92      4000
