              precision    recall  f1-score   support

           0       0.98      0.99      0.98       395
           1       0.97      0.97      0.97       395
           2       0.97      0.95      0.96       415
           3       0.99      0.98      0.98       406
           4       0.98      0.98      0.98       402
           5       0.98      1.00      0.99       402
           6       0.97      0.97      0.97       388
           7       0.98      0.98      0.98       419
           8       0.97      0.96      0.97       389
           9       0.98      0.99      0.99       389

    accuracy                           0.98      4000
   macro avg       0.98      0.98      0.98      4000
weighted avg       0.98      0.98      0.98      4000
