              precision    recall  f1-score   support

           0       0.92      0.96      0.94       395
           1       0.77      0.86      0.82       395
           2       0.48      0.91      0.63       415
           3       0.89      0.86      0.88       406
           4       0.94      0.57      0.71       402
           5       0.87      0.90      0.89       402
           6       0.71      0.76      0.74       388
           7       0.32      0.09      0.14       419
           8       0.68      0.63      0.65       389
           9       0.91      0.94      0.92       389

    accuracy                           0.75      4000
   macro avg       0.75      0.75      0.73      4000
weighted avg       0.75      0.75      0.73      4000
