              precision    recall  f1-score   support

           0       0.98      0.11      0.20       395
           1       1.00      0.07      0.13       395
           2       0.19      0.84      0.30       415
           3       0.38      0.51      0.43       406
           4       0.24      0.19      0.21       402
           5       0.15      0.16      0.15       402
           6       0.47      0.72      0.57       388
           7       0.33      0.13      0.18       419
           8       0.00      0.00      0.00       389
           9       0.00      0.00      0.00       389

    accuracy                           0.28      4000
   macro avg       0.37      0.27      0.22      4000
weighted avg       0.37      0.28      0.22      4000
