              precision    recall  f1-score   support

           0       0.95      0.97      0.96       395
           1       0.98      0.89      0.93       395
           2       0.89      0.94      0.92       415
           3       0.96      0.90      0.93       406
           4       0.84      0.96      0.90       402
           5       0.92      0.96      0.94       402
           6       0.99      0.87      0.93       388
           7       0.97      0.80      0.88       419
           8       0.78      0.96      0.86       389
           9       0.99      0.96      0.98       389

    accuracy                           0.92      4000
   macro avg       0.93      0.92      0.92      4000
weighted avg       0.93      0.92      0.92      4000
