              precision    recall  f1-score   support

           0       0.00      0.00      0.00       395
           1       0.00      0.00      0.00       395
           2       0.14      0.06      0.08       415
           3       0.33      0.97      0.49       406
           4       0.00      0.00      0.00       402
           5       0.00      0.00      0.00       402
           6       0.00      0.00      0.00       388
           7       0.15      0.94      0.26       419
           8       0.00      0.00      0.00       389
           9       0.00      0.00      0.00       389

    accuracy                           0.20      4000
   macro avg       0.06      0.20      0.08      4000
weighted avg       0.06      0.20      0.09      4000
