              precision    recall  f1-score   support

           0       0.82      0.99      0.90       395
           1       0.90      0.80      0.85       395
           2       0.83      0.76      0.79       415
           3       0.82      0.77      0.79       406
           4       0.77      0.79      0.78       402
           5       0.91      0.90      0.91       402
           6       0.87      0.84      0.85       388
           7       0.84      0.80      0.82       419
           8       0.71      0.78      0.74       389
           9       0.87      0.91      0.89       389

    accuracy                           0.83      4000
   macro avg       0.83      0.83      0.83      4000
weighted avg       0.83      0.83      0.83      4000
