              precision    recall  f1-score   support

           0       0.92      0.98      0.95       395
           1       0.95      0.90      0.92       395
           2       0.92      0.86      0.89       415
           3       0.90      0.96      0.93       406
           4       0.81      0.93      0.87       402
           5       0.94      0.91      0.92       402
           6       0.92      0.94      0.93       388
           7       0.95      0.88      0.91       419
           8       0.94      0.87      0.90       389
           9       0.97      0.96      0.97       389

    accuracy                           0.92      4000
   macro avg       0.92      0.92      0.92      4000
weighted avg       0.92      0.92      0.92      4000
