              precision    recall  f1-score   support

           0       0.91      0.98      0.95       395
           1       0.97      0.92      0.94       395
           2       0.94      0.91      0.92       415
           3       0.95      0.88      0.91       406
           4       0.79      0.94      0.86       402
           5       0.94      0.96      0.95       402
           6       0.94      0.93      0.93       388
           7       0.99      0.79      0.88       419
           8       0.86      0.96      0.90       389
           9       0.98      0.96      0.97       389

    accuracy                           0.92      4000
   macro avg       0.93      0.92      0.92      4000
weighted avg       0.93      0.92      0.92      4000
