              precision    recall  f1-score   support

           0       0.93      0.98      0.95       395
           1       0.97      0.88      0.93       395
           2       0.90      0.93      0.92       415
           3       0.96      0.89      0.92       406
           4       0.88      0.94      0.91       402
           5       0.95      0.97      0.96       402
           6       0.95      0.87      0.91       388
           7       0.94      0.88      0.91       419
           8       0.82      0.94      0.87       389
           9       0.97      0.97      0.97       389

    accuracy                           0.92      4000
   macro avg       0.93      0.92      0.93      4000
weighted avg       0.93      0.92      0.93      4000
