              precision    recall  f1-score   support

           0       0.99      0.99      0.99       395
           1       0.88      0.04      0.07       395
           2       0.22      0.09      0.13       415
           3       0.34      0.95      0.50       406
           4       0.00      0.00      0.00       402
           5       0.00      0.00      0.00       402
           6       1.00      0.00      0.01       388
           7       0.17      0.94      0.29       419
           8       0.33      0.01      0.02       389
           9       0.00      0.00      0.00       389

    accuracy                           0.31      4000
   macro avg       0.39      0.30      0.20      4000
weighted avg       0.39      0.31      0.20      4000
