              precision    recall  f1-score   support

           0       0.78      0.99      0.87       395
           1       0.91      0.78      0.84       395
           2       0.73      0.85      0.79       415
           3       0.67      0.90      0.77       406
           4       0.88      0.64      0.74       402
           5       0.87      0.95      0.91       402
           6       0.77      0.89      0.83       388
           7       0.88      0.69      0.77       419
           8       0.76      0.39      0.52       389
           9       0.89      0.97      0.93       389

    accuracy                           0.80      4000
   macro avg       0.81      0.80      0.79      4000
weighted avg       0.81      0.80      0.79      4000
