              precision    recall  f1-score   support

           0       0.99      0.98      0.99       395
           1       0.15      0.02      0.03       395
           2       0.44      0.94      0.60       415
           3       0.52      0.93      0.67       406
           4       0.00      0.00      0.00       402
           5       0.27      0.95      0.43       402
           6       0.90      0.88      0.89       388
           7       0.40      0.10      0.16       419
           8       0.60      0.08      0.14       389
           9       0.14      0.01      0.01       389

    accuracy                           0.49      4000
   macro avg       0.44      0.49      0.39      4000
weighted avg       0.44      0.49      0.39      4000
