              precision    recall  f1-score   support

           0       0.79      0.99      0.88       395
           1       0.97      0.78      0.86       395
           2       0.89      0.90      0.89       415
           3       0.77      0.98      0.86       406
           4       0.69      0.94      0.80       402
           5       0.99      0.86      0.92       402
           6       0.88      0.95      0.91       388
           7       0.97      0.81      0.88       419
           8       0.98      0.74      0.84       389
           9       1.00      0.78      0.87       389

    accuracy                           0.87      4000
   macro avg       0.89      0.87      0.87      4000
weighted avg       0.89      0.87      0.87      4000
