              precision    recall  f1-score   support

           0       0.93      0.98      0.95       395
           1       0.96      0.89      0.93       395
           2       0.92      0.94      0.93       415
           3       0.96      0.91      0.94       406
           4       0.89      0.92      0.91       402
           5       0.95      0.97      0.96       402
           6       0.94      0.89      0.92       388
           7       0.94      0.92      0.93       419
           8       0.86      0.93      0.89       389
           9       0.97      0.97      0.97       389

    accuracy                           0.93      4000
   macro avg       0.93      0.93      0.93      4000
weighted avg       0.93      0.93      0.93      4000
