              precision    recall  f1-score   support

           0       0.98      0.99      0.98       395
           1       0.79      0.95      0.86       395
           2       0.96      0.79      0.87       415
           3       0.97      0.92      0.94       406
           4       0.91      0.93      0.92       402
           5       0.86      0.98      0.92       402
           6       0.96      0.93      0.94       388
           7       0.98      0.78      0.87       419
           8       0.79      0.93      0.85       389
           9       0.99      0.92      0.96       389

    accuracy                           0.91      4000
   macro avg       0.92      0.91      0.91      4000
weighted avg       0.92      0.91      0.91      4000
