              precision    recall  f1-score   support

           0       0.74      0.98      0.84       395
           1       1.00      0.01      0.01       395
           2       0.56      0.69      0.62       415
           3       0.36      0.86      0.51       406
           4       0.00      0.00      0.00       402
           5       0.96      0.23      0.37       402
           6       1.00      0.08      0.15       388
           7       0.28      0.79      0.42       419
           8       0.00      0.00      0.00       389
           9       0.52      0.95      0.67       389

    accuracy                           0.46      4000
   macro avg       0.54      0.46      0.36      4000
weighted avg       0.54      0.46      0.36      4000
