              precision    recall  f1-score   support

           0       0.95      0.98      0.97       395
           1       0.95      0.86      0.90       395
           2       0.91      0.92      0.92       415
           3       0.96      0.92      0.94       406
           4       0.91      0.88      0.89       402
           5       0.89      0.97      0.93       402
           6       0.96      0.92      0.94       388
           7       0.96      0.88      0.92       419
           8       0.85      0.96      0.90       389
           9       0.93      0.98      0.96       389

    accuracy                           0.93      4000
   macro avg       0.93      0.93      0.93      4000
weighted avg       0.93      0.93      0.93      4000
