              precision    recall  f1-score   support

           0       0.87      0.98      0.92       395
           1       0.80      0.78      0.79       395
           2       0.66      0.83      0.73       415
           3       0.89      0.93      0.91       406
           4       0.75      0.45      0.56       402
           5       0.89      0.92      0.90       402
           6       0.88      0.92      0.90       388
           7       0.89      0.79      0.84       419
           8       0.85      0.84      0.84       389
           9       0.89      0.94      0.91       389

    accuracy                           0.84      4000
   macro avg       0.84      0.84      0.83      4000
weighted avg       0.84      0.84      0.83      4000
