              precision    recall  f1-score   support

           0       0.23      0.98      0.37       395
           1       0.19      0.40      0.26       395
           2       0.00      0.00      0.00       415
           3       0.00      0.00      0.00       406
           4       0.00      0.00      0.00       402
           5       0.00      0.00      0.00       402
           6       0.00      0.00      0.00       388
           7       0.00      0.00      0.00       419
           8       0.00      0.00      0.00       389
           9       0.25      0.93      0.39       389

    accuracy                           0.23      4000
   macro avg       0.07      0.23      0.10      4000
weighted avg       0.07      0.23      0.10      4000
