              precision    recall  f1-score   support

           0       0.99      0.99      0.99       395
           1       0.00      0.00      0.00       395
           2       0.25      0.02      0.04       415
           3       0.47      0.97      0.63       406
           4       0.46      0.03      0.06       402
           5       0.77      0.89      0.83       402
           6       0.97      0.78      0.86       388
           7       0.27      0.96      0.42       419
           8       0.16      0.01      0.02       389
           9       0.95      0.96      0.95       389

    accuracy                           0.56      4000
   macro avg       0.53      0.56      0.48      4000
weighted avg       0.52      0.56      0.48      4000
