              precision    recall  f1-score   support

           0       0.95      0.95      0.95      5000
           1       0.96      0.96      0.96      5000
           2       0.95      0.85      0.90      5000
           3       0.88      0.81      0.84      5000
           4       0.91      0.90      0.91      5000
           5       0.90      0.84      0.87      5000
           6       0.84      0.98      0.91      5000
           7       0.90      0.97      0.93      5000
           8       0.97      0.95      0.96      5000
           9       0.94      0.96      0.95      5000

    accuracy                           0.92     50000
   macro avg       0.92      0.92      0.92     50000
weighted avg       0.92      0.92      0.92     50000
