              precision    recall  f1-score   support

           0       0.77      0.99      0.87       395
           1       0.90      0.77      0.83       395
           2       0.72      0.85      0.78       415
           3       0.66      0.89      0.76       406
           4       0.88      0.63      0.73       402
           5       0.86      0.94      0.90       402
           6       0.76      0.89      0.82       388
           7       0.87      0.67      0.76       419
           8       0.75      0.38      0.50       389
           9       0.88      0.97      0.92       389

    accuracy                           0.80      4000
   macro avg       0.81      0.80      0.79      4000
weighted avg       0.81      0.80      0.79      4000
