              precision    recall  f1-score   support

           0       0.94      0.99      0.96       395
           1       0.93      0.88      0.90       395
           2       0.85      0.84      0.85       415
           3       0.90      0.90      0.90       406
           4       0.87      0.83      0.85       402
           5       0.91      0.95      0.93       402
           6       0.95      0.96      0.95       388
           7       0.91      0.80      0.85       419
           8       0.84      0.89      0.87       389
           9       0.92      0.98      0.95       389

    accuracy                           0.90      4000
   macro avg       0.90      0.90      0.90      4000
weighted avg       0.90      0.90      0.90      4000
