              precision    recall  f1-score   support

           0       0.94      0.97      0.96       395
           1       0.93      0.95      0.94       395
           2       0.88      0.91      0.90       415
           3       0.96      0.91      0.93       406
           4       0.92      0.86      0.89       402
           5       0.92      0.97      0.94       402
           6       0.97      0.94      0.95       388
           7       0.97      0.82      0.89       419
           8       0.83      0.96      0.89       389
           9       0.96      0.98      0.97       389

    accuracy                           0.93      4000
   macro avg       0.93      0.93      0.93      4000
weighted avg       0.93      0.93      0.92      4000
