              precision    recall  f1-score   support

           0       0.96      0.93      0.95       395
           1       0.75      0.95      0.84       395
           2       0.91      0.82      0.87       415
           3       0.85      0.99      0.91       406
           4       0.94      0.87      0.90       402
           5       0.89      0.97      0.93       402
           6       0.95      0.92      0.94       388
           7       0.91      0.80      0.85       419
           8       0.96      0.83      0.89       389
           9       0.96      0.94      0.95       389

    accuracy                           0.90      4000
   macro avg       0.91      0.90      0.90      4000
weighted avg       0.91      0.90      0.90      4000
