              precision    recall  f1-score   support

           0       0.96      0.97      0.96       395
           1       0.98      0.89      0.93       395
           2       0.91      0.95      0.93       415
           3       0.97      0.90      0.94       406
           4       0.83      0.96      0.89       402
           5       0.93      0.97      0.95       402
           6       0.98      0.86      0.92       388
           7       0.97      0.80      0.88       419
           8       0.78      0.97      0.86       389
           9       0.99      0.96      0.98       389

    accuracy                           0.92      4000
   macro avg       0.93      0.92      0.92      4000
weighted avg       0.93      0.92      0.92      4000
