              precision    recall  f1-score   support

           0       0.88      0.97      0.92       395
           1       0.93      0.87      0.90       395
           2       0.69      0.92      0.79       415
           3       0.99      0.86      0.92       406
           4       0.99      0.40      0.57       402
           5       0.95      0.95      0.95       402
           6       0.93      0.90      0.91       388
           7       0.63      0.84      0.72       419
           8       0.90      0.89      0.90       389
           9       0.96      0.98      0.97       389

    accuracy                           0.86      4000
   macro avg       0.88      0.86      0.86      4000
weighted avg       0.88      0.86      0.85      4000
