              precision    recall  f1-score   support

           0       0.95      0.97      0.96       395
           1       0.94      0.91      0.92       395
           2       0.92      0.90      0.91       415
           3       0.97      0.88      0.92       406
           4       0.91      0.91      0.91       402
           5       0.89      0.97      0.92       402
           6       0.97      0.93      0.95       388
           7       0.96      0.85      0.90       419
           8       0.82      0.96      0.89       389
           9       0.94      0.96      0.95       389

    accuracy                           0.92      4000
   macro avg       0.93      0.92      0.92      4000
weighted avg       0.93      0.92      0.92      4000
