              precision    recall  f1-score   support

           0       0.98      0.99      0.98       395
           1       0.75      0.97      0.85       395
           2       0.91      0.89      0.90       415
           3       0.97      0.90      0.93       406
           4       0.90      0.92      0.91       402
           5       0.93      0.96      0.94       402
           6       0.94      0.96      0.95       388
           7       0.99      0.74      0.84       419
           8       0.83      0.92      0.87       389
           9       0.99      0.89      0.94       389

    accuracy                           0.91      4000
   macro avg       0.92      0.91      0.91      4000
weighted avg       0.92      0.91      0.91      4000
