              precision    recall  f1-score   support

           0       0.97      0.88      0.92      5000
           1       0.98      0.96      0.97      5000
           2       0.93      0.87      0.90      5000
           3       0.87      0.85      0.86      5000
           4       0.85      0.96      0.90      5000
           5       0.90      0.87      0.89      5000
           6       0.92      0.97      0.94      5000
           7       0.96      0.95      0.95      5000
           8       0.93      0.98      0.95      5000
           9       0.96      0.97      0.96      5000

    accuracy                           0.93     50000
   macro avg       0.93      0.93      0.93     50000
weighted avg       0.93      0.93      0.93     50000
