              precision    recall  f1-score   support

           0       0.95      0.94      0.95       395
           1       0.84      0.88      0.86       395
           2       0.91      0.80      0.85       415
           3       0.80      0.92      0.86       406
           4       0.92      0.63      0.75       402
           5       0.91      0.91      0.91       402
           6       0.88      0.86      0.87       388
           7       0.61      0.95      0.74       419
           8       0.89      0.65      0.75       389
           9       0.97      0.90      0.93       389

    accuracy                           0.85      4000
   macro avg       0.87      0.84      0.85      4000
weighted avg       0.87      0.85      0.85      4000
