              precision    recall  f1-score   support

           0       0.95      0.97      0.96       395
           1       0.90      0.95      0.93       395
           2       0.94      0.85      0.89       415
           3       0.97      0.84      0.90       406
           4       0.93      0.89      0.91       402
           5       0.91      0.98      0.94       402
           6       0.96      0.94      0.95       388
           7       0.97      0.84      0.90       419
           8       0.75      0.96      0.85       389
           9       0.96      0.97      0.96       389

    accuracy                           0.92      4000
   macro avg       0.92      0.92      0.92      4000
weighted avg       0.92      0.92      0.92      4000
