              precision    recall  f1-score   support

           0       0.95      0.97      0.96       395
           1       0.99      0.92      0.95       395
           2       0.82      0.96      0.88       415
           3       0.94      0.96      0.95       406
           4       0.86      0.91      0.88       402
           5       0.89      0.97      0.93       402
           6       0.95      0.95      0.95       388
           7       0.99      0.76      0.86       419
           8       0.93      0.92      0.93       389
           9       0.98      0.94      0.96       389

    accuracy                           0.92      4000
   macro avg       0.93      0.93      0.93      4000
weighted avg       0.93      0.92      0.92      4000
