              precision    recall  f1-score   support

           0       0.93      0.99      0.96      5000
           1       0.97      0.99      0.98      5000
           2       0.98      0.96      0.97      5000
           3       0.97      0.94      0.96      5000
           4       0.98      0.97      0.97      5000
           5       0.98      0.95      0.96      5000
           6       0.95      0.99      0.97      5000
           7       0.97      0.99      0.98      5000
           8       1.00      0.93      0.96      5000
           9       0.99      0.98      0.98      5000

    accuracy                           0.97     50000
   macro avg       0.97      0.97      0.97     50000
weighted avg       0.97      0.97      0.97     50000
