              precision    recall  f1-score   support

           0       0.88      0.99      0.93       395
           1       0.88      0.87      0.88       395
           2       0.90      0.89      0.89       415
           3       0.89      0.92      0.90       406
           4       0.88      0.86      0.87       402
           5       0.92      0.95      0.94       402
           6       0.92      0.91      0.92       388
           7       0.94      0.85      0.89       419
           8       0.90      0.85      0.87       389
           9       0.94      0.96      0.95       389

    accuracy                           0.91      4000
   macro avg       0.91      0.91      0.90      4000
weighted avg       0.91      0.91      0.90      4000
