              precision    recall  f1-score   support

           0       0.60      0.98      0.75       395
           1       1.00      0.02      0.04       395
           2       0.54      0.73      0.62       415
           3       0.35      0.88      0.50       406
           4       1.00      0.00      0.01       402
           5       0.94      0.29      0.44       402
           6       0.94      0.22      0.36       388
           7       0.32      0.62      0.43       419
           8       0.00      0.00      0.00       389
           9       0.50      0.96      0.66       389

    accuracy                           0.47      4000
   macro avg       0.62      0.47      0.38      4000
weighted avg       0.62      0.47      0.38      4000
