              precision    recall  f1-score   support

           0       0.96      0.98      0.97       395
           1       0.82      0.02      0.04       395
           2       0.55      0.80      0.65       415
           3       0.57      0.72      0.64       406
           4       0.28      0.47      0.35       402
           5       0.97      0.35      0.51       402
           6       0.50      0.93      0.65       388
           7       0.39      0.54      0.45       419
           8       0.50      0.41      0.45       389
           9       0.95      0.11      0.19       389

    accuracy                           0.53      4000
   macro avg       0.65      0.53      0.49      4000
weighted avg       0.65      0.53      0.49      4000
