              precision    recall  f1-score   support

           0       0.97      0.98      0.97       395
           1       0.98      0.92      0.95       395
           2       0.89      0.95      0.92       415
           3       0.97      0.91      0.94       406
           4       0.93      0.91      0.92       402
           5       0.82      0.99      0.90       402
           6       0.94      0.97      0.96       388
           7       0.99      0.84      0.91       419
           8       0.92      0.92      0.92       389
           9       0.98      0.97      0.97       389

    accuracy                           0.93      4000
   macro avg       0.94      0.93      0.93      4000
weighted avg       0.94      0.93      0.93      4000
