              precision    recall  f1-score   support

           0       0.88      0.92      0.90      5000
           1       0.93      0.97      0.95      5000
           2       0.88      0.80      0.84      5000
           3       0.86      0.64      0.73      5000
           4       0.86      0.89      0.87      5000
           5       0.86      0.76      0.81      5000
           6       0.78      0.97      0.86      5000
           7       0.91      0.92      0.91      5000
           8       0.91      0.96      0.93      5000
           9       0.91      0.94      0.93      5000

    accuracy                           0.88     50000
   macro avg       0.88      0.88      0.87     50000
weighted avg       0.88      0.88      0.87     50000
