              precision    recall  f1-score   support

           0       0.82      0.76      0.79      5000
           1       0.89      0.91      0.90      5000
           2       0.74      0.68      0.71      5000
           3       0.63      0.67      0.65      5000
           4       0.79      0.75      0.77      5000
           5       0.72      0.68      0.70      5000
           6       0.82      0.88      0.85      5000
           7       0.93      0.75      0.83      5000
           8       0.81      0.92      0.86      5000
           9       0.79      0.92      0.85      5000

    accuracy                           0.79     50000
   macro avg       0.79      0.79      0.79     50000
weighted avg       0.79      0.79      0.79     50000
