              precision    recall  f1-score   support

           0       0.80      0.98      0.88       395
           1       0.82      0.77      0.80       395
           2       0.69      0.81      0.75       415
           3       0.70      0.80      0.75       406
           4       0.72      0.59      0.65       402
           5       0.80      0.86      0.83       402
           6       0.77      0.87      0.82       388
           7       0.82      0.61      0.70       419
           8       0.71      0.50      0.58       389
           9       0.86      0.94      0.90       389

    accuracy                           0.77      4000
   macro avg       0.77      0.77      0.76      4000
weighted avg       0.77      0.77      0.76      4000
