              precision    recall  f1-score   support

           0       0.94      0.99      0.97       395
           1       0.98      0.96      0.97       395
           2       0.98      0.93      0.95       415
           3       0.98      0.98      0.98       406
           4       0.92      0.99      0.95       402
           5       0.99      0.98      0.98       402
           6       0.98      0.98      0.98       388
           7       0.97      0.96      0.97       419
           8       0.98      0.96      0.97       389
           9       1.00      0.99      1.00       389

    accuracy                           0.97      4000
   macro avg       0.97      0.97      0.97      4000
weighted avg       0.97      0.97      0.97      4000
