              precision    recall  f1-score   support

           0       0.98      0.99      0.98       395
           1       0.86      0.95      0.90       395
           2       0.93      0.85      0.89       415
           3       0.91      0.95      0.93       406
           4       0.88      0.89      0.88       402
           5       0.92      0.95      0.93       402
           6       0.94      0.95      0.94       388
           7       0.95      0.89      0.92       419
           8       0.90      0.89      0.89       389
           9       0.97      0.94      0.96       389

    accuracy                           0.92      4000
   macro avg       0.92      0.92      0.92      4000
weighted avg       0.92      0.92      0.92      4000
