              precision    recall  f1-score   support

           0       0.92      0.98      0.95       395
           1       0.92      0.88      0.90       395
           2       0.90      0.91      0.90       415
           3       0.91      0.88      0.90       406
           4       0.87      0.91      0.89       402
           5       0.95      0.95      0.95       402
           6       0.95      0.89      0.92       388
           7       0.95      0.88      0.91       419
           8       0.83      0.91      0.87       389
           9       0.96      0.96      0.96       389

    accuracy                           0.92      4000
   macro avg       0.92      0.92      0.92      4000
weighted avg       0.92      0.92      0.92      4000
