              precision    recall  f1-score   support

           0       0.94      0.98      0.96       395
           1       0.97      0.92      0.95       395
           2       0.87      0.97      0.92       415
           3       0.97      0.94      0.95       406
           4       0.89      0.91      0.90       402
           5       0.94      0.97      0.95       402
           6       0.97      0.95      0.96       388
           7       0.98      0.75      0.85       419
           8       0.85      0.97      0.91       389
           9       0.98      0.98      0.98       389

    accuracy                           0.93      4000
   macro avg       0.94      0.93      0.93      4000
weighted avg       0.94      0.93      0.93      4000
