              precision    recall  f1-score   support

           0       0.99      0.99      0.99       395
           1       0.77      0.94      0.85       395
           2       0.87      0.84      0.85       415
           3       0.94      0.86      0.90       406
           4       0.95      0.73      0.82       402
           5       0.88      0.94      0.91       402
           6       0.97      0.89      0.93       388
           7       0.80      0.91      0.85       419
           8       0.83      0.89      0.86       389
           9       0.97      0.90      0.93       389

    accuracy                           0.89      4000
   macro avg       0.90      0.89      0.89      4000
weighted avg       0.90      0.89      0.89      4000
