              precision    recall  f1-score   support

           0       0.90      0.99      0.94       395
           1       0.94      0.93      0.93       395
           2       0.94      0.90      0.92       415
           3       0.93      0.96      0.95       406
           4       0.79      0.94      0.86       402
           5       0.93      0.97      0.95       402
           6       0.95      0.91      0.93       388
           7       0.98      0.72      0.83       419
           8       0.88      0.94      0.91       389
           9       0.98      0.95      0.96       389

    accuracy                           0.92      4000
   macro avg       0.92      0.92      0.92      4000
weighted avg       0.92      0.92      0.92      4000
