              precision    recall  f1-score   support

           0       0.92      0.98      0.95       395
           1       0.97      0.88      0.92       395
           2       0.93      0.92      0.92       415
           3       0.93      0.99      0.96       406
           4       0.79      0.95      0.86       402
           5       0.86      0.98      0.91       402
           6       0.99      0.93      0.96       388
           7       0.98      0.80      0.88       419
           8       0.96      0.92      0.94       389
           9       0.99      0.92      0.95       389

    accuracy                           0.93      4000
   macro avg       0.93      0.93      0.93      4000
weighted avg       0.93      0.93      0.93      4000
