              precision    recall  f1-score   support

           0       0.99      0.99      0.99       395
           1       0.90      0.88      0.89       395
           2       0.81      0.93      0.87       415
           3       0.95      0.93      0.94       406
           4       0.87      0.90      0.89       402
           5       0.89      0.96      0.92       402
           6       0.95      0.95      0.95       388
           7       0.99      0.80      0.88       419
           8       0.88      0.91      0.89       389
           9       0.98      0.93      0.95       389

    accuracy                           0.92      4000
   macro avg       0.92      0.92      0.92      4000
weighted avg       0.92      0.92      0.92      4000
