              precision    recall  f1-score   support

           0       0.98      0.95      0.97       395
           1       0.91      0.91      0.91       395
           2       0.98      0.81      0.89       415
           3       0.90      0.98      0.94       406
           4       0.82      0.96      0.88       402
           5       0.92      0.98      0.95       402
           6       0.97      0.92      0.95       388
           7       0.91      0.89      0.90       419
           8       0.94      0.92      0.93       389
           9       0.99      0.97      0.98       389

    accuracy                           0.93      4000
   macro avg       0.93      0.93      0.93      4000
weighted avg       0.93      0.93      0.93      4000
