              precision    recall  f1-score   support

           0       0.86      0.98      0.91       395
           1       0.40      0.01      0.01       395
           2       0.17      0.01      0.03       415
           3       0.53      0.94      0.67       406
           4       0.00      0.00      0.00       402
           5       0.00      0.00      0.00       402
           6       0.90      0.93      0.91       388
           7       0.17      0.94      0.28       419
           8       0.67      0.05      0.09       389
           9       0.00      0.00      0.00       389

    accuracy                           0.39      4000
   macro avg       0.37      0.39      0.29      4000
weighted avg       0.36      0.39      0.29      4000
