              precision    recall  f1-score   support

           0       0.99      0.99      0.99       395
           1       0.79      0.95      0.86       395
           2       0.87      0.88      0.87       415
           3       0.94      0.92      0.93       406
           4       0.91      0.86      0.88       402
           5       0.91      0.96      0.93       402
           6       0.95      0.94      0.95       388
           7       0.97      0.83      0.89       419
           8       0.84      0.91      0.88       389
           9       0.99      0.89      0.94       389

    accuracy                           0.91      4000
   macro avg       0.92      0.91      0.91      4000
weighted avg       0.92      0.91      0.91      4000
