              precision    recall  f1-score   support

           0       0.68      0.80      0.73       395
           1       0.12      0.93      0.21       395
           2       0.00      0.00      0.00       415
           3       0.00      0.00      0.00       406
           4       0.00      0.00      0.00       402
           5       0.00      0.00      0.00       402
           6       0.00      0.00      0.00       388
           7       0.00      0.00      0.00       419
           8       0.00      0.00      0.00       389
           9       0.65      0.75      0.70       389

    accuracy                           0.24      4000
   macro avg       0.14      0.25      0.16      4000
weighted avg       0.14      0.24      0.16      4000
