              precision    recall  f1-score   support

           0       0.98      0.99      0.99       395
           1       0.98      0.79      0.88       395
           2       0.90      0.89      0.90       415
           3       0.87      0.97      0.92       406
           4       0.77      0.95      0.85       402
           5       0.83      0.98      0.90       402
           6       0.94      0.97      0.95       388
           7       0.98      0.79      0.88       419
           8       0.94      0.82      0.88       389
           9       0.97      0.95      0.96       389

    accuracy                           0.91      4000
   macro avg       0.92      0.91      0.91      4000
weighted avg       0.92      0.91      0.91      4000
