              precision    recall  f1-score   support

           0       0.97      0.92      0.95       395
           1       0.45      0.88      0.59       395
           2       0.24      0.12      0.16       415
           3       0.32      0.92      0.48       406
           4       0.00      0.00      0.00       402
           5       0.00      0.00      0.00       402
           6       0.00      0.00      0.00       388
           7       0.37      0.06      0.11       419
           8       0.00      0.00      0.00       389
           9       0.27      0.96      0.42       389

    accuracy                           0.38      4000
   macro avg       0.26      0.39      0.27      4000
weighted avg       0.26      0.38      0.27      4000
