              precision    recall  f1-score   support

           0       0.92      0.23      0.36       395
           1       1.00      0.08      0.14       395
           2       0.19      0.84      0.31       415
           3       0.38      0.53      0.44       406
           4       0.25      0.18      0.21       402
           5       0.18      0.18      0.18       402
           6       0.48      0.72      0.58       388
           7       0.31      0.13      0.19       419
           8       0.00      0.00      0.00       389
           9       0.00      0.00      0.00       389

    accuracy                           0.29      4000
   macro avg       0.37      0.29      0.24      4000
weighted avg       0.37      0.29      0.24      4000
