              precision    recall  f1-score   support

           0       0.99      0.98      0.99       395
           1       0.00      0.00      0.00       395
           2       0.00      0.00      0.00       415
           3       0.23      0.27      0.25       406
           4       0.00      0.00      0.00       402
           5       0.00      0.00      0.00       402
           6       0.00      0.00      0.00       388
           7       0.14      1.00      0.25       419
           8       0.00      0.00      0.00       389
           9       0.00      0.00      0.00       389

    accuracy                           0.23      4000
   macro avg       0.14      0.22      0.15      4000
weighted avg       0.14      0.23      0.15      4000
