              precision    recall  f1-score   support

           0       0.97      0.98      0.97       395
           1       0.96      0.95      0.95       395
           2       0.97      0.94      0.96       415
           3       0.98      0.96      0.97       406
           4       0.96      0.95      0.95       402
           5       0.97      0.98      0.98       402
           6       0.96      0.96      0.96       388
           7       0.95      0.97      0.96       419
           8       0.95      0.94      0.95       389
           9       0.96      0.98      0.97       389

    accuracy                           0.96      4000
   macro avg       0.96      0.96      0.96      4000
weighted avg       0.96      0.96      0.96      4000
