              precision    recall  f1-score   support

           0       0.99      1.00      1.00      5000
           1       1.00      1.00      1.00      5000
           2       0.99      1.00      1.00      5000
           3       1.00      1.00      1.00      5000
           4       1.00      1.00      1.00      5000
           5       1.00      1.00      1.00      5000
           6       1.00      1.00      1.00      5000
           7       1.00      1.00      1.00      5000
           8       1.00      1.00      1.00      5000
           9       1.00      1.00      1.00      5000

    accuracy                           1.00     50000
   macro avg       1.00      1.00      1.00     50000
weighted avg       1.00      1.00      1.00     50000
