              precision    recall  f1-score   support

           0       0.76      0.98      0.86       395
           1       0.79      0.78      0.79       395
           2       0.34      0.68      0.46       415
           3       0.62      0.61      0.61       406
           4       0.49      0.16      0.25       402
           5       0.75      0.79      0.77       402
           6       0.84      0.83      0.83       388
           7       0.50      0.16      0.25       419
           8       0.60      0.63      0.62       389
           9       0.93      0.91      0.92       389

    accuracy                           0.65      4000
   macro avg       0.66      0.66      0.64      4000
weighted avg       0.66      0.65      0.63      4000
