              precision    recall  f1-score   support

           0       0.92      0.99      0.95       395
           1       0.95      0.89      0.92       395
           2       0.95      0.92      0.93       415
           3       0.98      0.84      0.90       406
           4       0.85      0.93      0.89       402
           5       0.89      0.98      0.93       402
           6       0.95      0.93      0.94       388
           7       0.98      0.77      0.86       419
           8       0.78      0.96      0.86       389
           9       0.97      0.97      0.97       389

    accuracy                           0.92      4000
   macro avg       0.92      0.92      0.92      4000
weighted avg       0.92      0.92      0.92      4000
