              precision    recall  f1-score   support

           0       0.98      0.99      0.99       395
           1       0.75      0.97      0.85       395
           2       0.90      0.90      0.90       415
           3       0.95      0.94      0.94       406
           4       0.91      0.90      0.90       402
           5       0.93      0.95      0.94       402
           6       0.94      0.97      0.95       388
           7       0.98      0.76      0.85       419
           8       0.89      0.89      0.89       389
           9       0.99      0.90      0.94       389

    accuracy                           0.92      4000
   macro avg       0.92      0.92      0.92      4000
weighted avg       0.92      0.92      0.92      4000
