              precision    recall  f1-score   support

           0       0.88      0.80      0.84      5000
           1       0.91      0.91      0.91      5000
           2       0.81      0.71      0.76      5000
           3       0.75      0.51      0.60      5000
           4       0.75      0.81      0.78      5000
           5       0.85      0.53      0.65      5000
           6       0.65      0.95      0.77      5000
           7       0.68      0.93      0.79      5000
           8       0.91      0.89      0.90      5000
           9       0.87      0.90      0.88      5000

    accuracy                           0.79     50000
   macro avg       0.81      0.79      0.79     50000
weighted avg       0.81      0.79      0.79     50000
