              precision    recall  f1-score   support

           0       0.93      0.87      0.90      5000
           1       0.86      0.98      0.92      5000
           2       0.84      0.80      0.82      5000
           3       0.76      0.71      0.73      5000
           4       0.87      0.84      0.85      5000
           5       0.91      0.65      0.76      5000
           6       0.68      0.98      0.80      5000
           7       0.92      0.90      0.91      5000
           8       0.94      0.94      0.94      5000
           9       0.94      0.88      0.91      5000

    accuracy                           0.86     50000
   macro avg       0.87      0.86      0.85     50000
weighted avg       0.87      0.86      0.85     50000
