              precision    recall  f1-score   support

           0       0.95      0.97      0.96       395
           1       0.98      0.93      0.95       395
           2       0.83      0.98      0.90       415
           3       0.93      0.99      0.95       406
           4       0.88      0.92      0.90       402
           5       0.96      0.97      0.97       402
           6       0.96      0.94      0.95       388
           7       0.99      0.76      0.86       419
           8       0.95      0.95      0.95       389
           9       0.99      0.97      0.98       389

    accuracy                           0.94      4000
   macro avg       0.94      0.94      0.94      4000
weighted avg       0.94      0.94      0.94      4000
