              precision    recall  f1-score   support

           0       0.95      0.98      0.96       395
           1       0.99      0.93      0.96       395
           2       0.81      0.97      0.88       415
           3       0.94      0.97      0.95       406
           4       0.88      0.88      0.88       402
           5       0.90      0.96      0.93       402
           6       0.96      0.96      0.96       388
           7       0.98      0.78      0.87       419
           8       0.95      0.92      0.93       389
           9       0.99      0.95      0.97       389

    accuracy                           0.93      4000
   macro avg       0.93      0.93      0.93      4000
weighted avg       0.93      0.93      0.93      4000
