              precision    recall  f1-score   support

           0       0.99      0.99      0.99       395
           1       0.86      0.90      0.88       395
           2       0.88      0.87      0.88       415
           3       0.90      0.97      0.93       406
           4       0.83      0.90      0.86       402
           5       0.90      0.96      0.93       402
           6       0.90      0.97      0.94       388
           7       0.99      0.78      0.87       419
           8       0.94      0.83      0.88       389
           9       0.96      0.95      0.95       389

    accuracy                           0.91      4000
   macro avg       0.92      0.91      0.91      4000
weighted avg       0.92      0.91      0.91      4000
