              precision    recall  f1-score   support

           0       0.93      0.97      0.95       395
           1       0.99      0.88      0.93       395
           2       0.87      0.97      0.92       415
           3       0.91      0.99      0.95       406
           4       0.87      0.96      0.91       402
           5       0.95      0.97      0.96       402
           6       0.97      0.94      0.95       388
           7       0.98      0.78      0.87       419
           8       0.93      0.95      0.94       389
           9       0.99      0.96      0.98       389

    accuracy                           0.94      4000
   macro avg       0.94      0.94      0.94      4000
weighted avg       0.94      0.94      0.94      4000
