              precision    recall  f1-score   support

           0       0.98      0.97      0.97      5000
           1       0.93      0.98      0.96      5000
           2       0.94      0.96      0.95      5000
           3       0.94      0.94      0.94      5000
           4       0.99      0.90      0.94      5000
           5       0.97      0.92      0.95      5000
           6       0.89      1.00      0.94      5000
           7       0.97      0.98      0.97      5000
           8       0.99      0.95      0.97      5000
           9       0.98      0.94      0.96      5000

    accuracy                           0.96     50000
   macro avg       0.96      0.96      0.96     50000
weighted avg       0.96      0.96      0.96     50000
