              precision    recall  f1-score   support

           0       0.83      0.99      0.90       395
           1       0.95      0.79      0.86       395
           2       0.92      0.77      0.84       415
           3       0.89      0.91      0.90       406
           4       0.78      0.88      0.82       402
           5       0.93      0.91      0.92       402
           6       0.98      0.61      0.75       388
           7       0.79      0.91      0.85       419
           8       0.68      0.92      0.78       389
           9       0.98      0.84      0.90       389

    accuracy                           0.85      4000
   macro avg       0.87      0.85      0.85      4000
weighted avg       0.87      0.85      0.85      4000
