              precision    recall  f1-score   support

           0       0.99      0.98      0.99      5000
           1       1.00      0.99      1.00      5000
           2       0.98      0.98      0.98      5000
           3       0.98      0.97      0.98      5000
           4       0.96      1.00      0.98      5000
           5       0.99      0.97      0.98      5000
           6       0.98      1.00      0.99      5000
           7       0.99      0.99      0.99      5000
           8       0.99      0.99      0.99      5000
           9       0.99      0.99      0.99      5000

    accuracy                           0.99     50000
   macro avg       0.99      0.99      0.99     50000
weighted avg       0.99      0.99      0.99     50000
