              precision    recall  f1-score   support

           0       0.97      0.95      0.96       395
           1       0.71      0.95      0.82       395
           2       0.88      0.87      0.88       415
           3       0.96      0.94      0.95       406
           4       0.91      0.85      0.88       402
           5       0.97      0.87      0.92       402
           6       0.87      0.91      0.89       388
           7       0.87      0.83      0.85       419
           8       0.92      0.87      0.89       389
           9       0.98      0.93      0.95       389

    accuracy                           0.90      4000
   macro avg       0.91      0.90      0.90      4000
weighted avg       0.90      0.90      0.90      4000
