              precision    recall  f1-score   support

           0       0.95      0.97      0.96       395
           1       0.96      0.93      0.94       395
           2       0.87      0.95      0.91       415
           3       0.91      0.94      0.93       406
           4       0.90      0.90      0.90       402
           5       0.97      0.96      0.97       402
           6       0.97      0.95      0.96       388
           7       0.98      0.87      0.92       419
           8       0.92      0.93      0.92       389
           9       0.98      0.98      0.98       389

    accuracy                           0.94      4000
   macro avg       0.94      0.94      0.94      4000
weighted avg       0.94      0.94      0.94      4000
