              precision    recall  f1-score   support

           0       0.91      0.88      0.90      5000
           1       0.92      0.96      0.94      5000
           2       0.91      0.77      0.83      5000
           3       0.76      0.70      0.73      5000
           4       0.79      0.90      0.84      5000
           5       0.94      0.60      0.73      5000
           6       0.68      0.98      0.81      5000
           7       0.87      0.92      0.89      5000
           8       0.97      0.92      0.95      5000
           9       0.91      0.92      0.91      5000

    accuracy                           0.85     50000
   macro avg       0.87      0.85      0.85     50000
weighted avg       0.87      0.85      0.85     50000
