              precision    recall  f1-score   support

           0       0.97      0.97      0.97       395
           1       0.53      0.79      0.63       395
           2       0.52      0.34      0.41       415
           3       0.69      0.63      0.66       406
           4       0.72      0.73      0.73       402
           5       0.90      0.86      0.88       402
           6       0.82      0.63      0.71       388
           7       0.59      0.67      0.62       419
           8       0.71      0.68      0.69       389
           9       0.83      0.91      0.87       389

    accuracy                           0.72      4000
   macro avg       0.73      0.72      0.72      4000
weighted avg       0.73      0.72      0.72      4000
