              precision    recall  f1-score   support

           0       0.90      0.98      0.94       395
           1       0.97      0.88      0.92       395
           2       0.92      0.93      0.92       415
           3       0.99      0.84      0.91       406
           4       0.87      0.94      0.90       402
           5       0.87      0.99      0.93       402
           6       0.96      0.92      0.94       388
           7       0.98      0.81      0.89       419
           8       0.80      0.96      0.87       389
           9       0.99      0.96      0.97       389

    accuracy                           0.92      4000
   macro avg       0.93      0.92      0.92      4000
weighted avg       0.93      0.92      0.92      4000
