              precision    recall  f1-score   support

           0       0.93      0.03      0.06       395
           1       1.00      0.09      0.16       395
           2       0.18      0.84      0.30       415
           3       0.37      0.48      0.42       406
           4       0.24      0.18      0.21       402
           5       0.13      0.15      0.14       402
           6       0.47      0.73      0.57       388
           7       0.34      0.11      0.17       419
           8       0.00      0.00      0.00       389
           9       0.00      0.00      0.00       389

    accuracy                           0.26      4000
   macro avg       0.37      0.26      0.20      4000
weighted avg       0.36      0.26      0.20      4000
