              precision    recall  f1-score   support

           0       0.00      0.00      0.00       395
           1       0.00      0.00      0.00       395
           2       0.00      0.00      0.00       415
           3       0.00      0.00      0.00       406
           4       0.13      0.01      0.01       402
           5       0.00      0.00      0.00       402
           6       0.00      0.00      0.00       388
           7       0.14      0.97      0.25       419
           8       0.32      0.94      0.47       389
           9       0.00      0.00      0.00       389

    accuracy                           0.19      4000
   macro avg       0.06      0.19      0.07      4000
weighted avg       0.06      0.19      0.07      4000
