              precision    recall  f1-score   support

           0       0.99      0.99      0.99       395
           1       0.43      0.13      0.20       395
           2       0.49      0.54      0.51       415
           3       0.72      0.95      0.82       406
           4       0.27      0.17      0.21       402
           5       0.39      0.94      0.55       402
           6       0.96      0.75      0.84       388
           7       0.37      0.44      0.40       419
           8       0.72      0.61      0.66       389
           9       0.29      0.10      0.15       389

    accuracy                           0.56      4000
   macro avg       0.56      0.56      0.53      4000
weighted avg       0.56      0.56      0.53      4000
