              precision    recall  f1-score   support

           0       0.00      0.00      0.00       395
           1       0.00      0.00      0.00       395
           2       0.00      0.00      0.00       415
           3       0.13      0.33      0.18       406
           4       0.00      0.00      0.00       402
           5       0.00      0.00      0.00       402
           6       0.00      0.00      0.00       388
           7       0.13      0.93      0.23       419
           8       0.00      0.00      0.00       389
           9       0.00      0.00      0.00       389

    accuracy                           0.13      4000
   macro avg       0.03      0.13      0.04      4000
weighted avg       0.03      0.13      0.04      4000
