              precision    recall  f1-score   support

           0       0.98      0.99      0.98       395
           1       0.77      0.95      0.85       395
           2       0.93      0.87      0.90       415
           3       0.98      0.86      0.91       406
           4       0.93      0.91      0.92       402
           5       0.91      0.96      0.94       402
           6       0.95      0.94      0.94       388
           7       0.98      0.74      0.84       419
           8       0.70      0.94      0.80       389
           9       1.00      0.86      0.92       389

    accuracy                           0.90      4000
   macro avg       0.91      0.90      0.90      4000
weighted avg       0.91      0.90      0.90      4000
