              precision    recall  f1-score   support

           0       0.98      0.99      0.99       395
           1       0.85      0.89      0.87       395
           2       0.86      0.88      0.87       415
           3       0.94      0.93      0.94       406
           4       0.87      0.91      0.89       402
           5       0.90      0.95      0.92       402
           6       0.92      0.94      0.93       388
           7       0.97      0.84      0.90       419
           8       0.86      0.88      0.87       389
           9       0.98      0.93      0.95       389

    accuracy                           0.91      4000
   macro avg       0.92      0.91      0.91      4000
weighted avg       0.92      0.91      0.91      4000
