              precision    recall  f1-score   support

           0       0.96      0.98      0.97       395
           1       0.97      0.93      0.95       395
           2       0.89      0.97      0.93       415
           3       0.98      0.93      0.95       406
           4       0.86      0.94      0.89       402
           5       0.96      0.97      0.96       402
           6       0.98      0.90      0.94       388
           7       0.98      0.83      0.90       419
           8       0.85      0.97      0.91       389
           9       0.98      0.96      0.97       389

    accuracy                           0.94      4000
   macro avg       0.94      0.94      0.94      4000
weighted avg       0.94      0.94      0.94      4000
