              precision    recall  f1-score   support

           0       0.98      0.99      0.99       395
           1       0.79      0.96      0.87       395
           2       0.93      0.85      0.88       415
           3       0.97      0.87      0.92       406
           4       0.93      0.90      0.92       402
           5       0.91      0.96      0.93       402
           6       0.96      0.92      0.94       388
           7       0.94      0.84      0.89       419
           8       0.75      0.93      0.83       389
           9       1.00      0.87      0.93       389

    accuracy                           0.91      4000
   macro avg       0.92      0.91      0.91      4000
weighted avg       0.92      0.91      0.91      4000
