              precision    recall  f1-score   support

           0       0.92      0.96      0.94       395
           1       0.27      0.06      0.09       395
           2       0.38      0.18      0.24       415
           3       0.65      0.22      0.33       406
           4       0.23      0.14      0.17       402
           5       0.56      0.94      0.70       402
           6       0.97      0.59      0.73       388
           7       0.36      0.19      0.25       419
           8       0.59      0.79      0.67       389
           9       0.27      0.88      0.41       389

    accuracy                           0.49      4000
   macro avg       0.52      0.49      0.45      4000
weighted avg       0.52      0.49      0.45      4000
