              precision    recall  f1-score   support

           0       0.99      0.99      0.99       395
           1       0.00      0.00      0.00       395
           2       0.00      0.00      0.00       415
           3       0.33      0.91      0.48       406
           4       0.09      0.00      0.00       402
           5       0.00      0.00      0.00       402
           6       0.00      0.00      0.00       388
           7       0.17      0.99      0.29       419
           8       0.00      0.00      0.00       389
           9       0.00      0.00      0.00       389

    accuracy                           0.29      4000
   macro avg       0.16      0.29      0.18      4000
weighted avg       0.16      0.29      0.18      4000
