              precision    recall  f1-score   support

           0       0.99      0.96      0.98       395
           1       0.91      0.92      0.92       395
           2       0.95      0.88      0.91       415
           3       0.91      0.97      0.94       406
           4       0.98      0.86      0.91       402
           5       0.97      0.95      0.96       402
           6       0.89      0.99      0.93       388
           7       0.96      0.92      0.94       419
           8       0.91      0.94      0.92       389
           9       0.93      0.99      0.96       389

    accuracy                           0.94      4000
   macro avg       0.94      0.94      0.94      4000
weighted avg       0.94      0.94      0.94      4000
