              precision    recall  f1-score   support

           0       0.98      0.99      0.99       395
           1       0.95      0.84      0.89       395
           2       0.90      0.92      0.91       415
           3       0.94      0.93      0.93       406
           4       0.89      0.91      0.90       402
           5       0.82      0.99      0.90       402
           6       0.97      0.94      0.96       388
           7       0.96      0.89      0.92       419
           8       0.89      0.92      0.91       389
           9       0.99      0.93      0.96       389

    accuracy                           0.93      4000
   macro avg       0.93      0.93      0.93      4000
weighted avg       0.93      0.93      0.93      4000
