              precision    recall  f1-score   support

           0       0.96      0.97      0.96       395
           1       0.96      0.92      0.94       395
           2       0.86      0.95      0.90       415
           3       0.90      0.94      0.92       406
           4       0.90      0.91      0.90       402
           5       0.96      0.97      0.96       402
           6       0.97      0.94      0.95       388
           7       0.97      0.86      0.91       419
           8       0.92      0.93      0.92       389
           9       0.98      0.98      0.98       389

    accuracy                           0.94      4000
   macro avg       0.94      0.94      0.94      4000
weighted avg       0.94      0.94      0.94      4000
