              precision    recall  f1-score   support

           0       0.98      0.99      0.99       395
           1       0.79      0.95      0.86       395
           2       0.93      0.87      0.90       415
           3       0.97      0.87      0.92       406
           4       0.90      0.93      0.92       402
           5       0.93      0.96      0.94       402
           6       0.94      0.96      0.95       388
           7       0.98      0.76      0.86       419
           8       0.74      0.93      0.82       389
           9       0.99      0.87      0.93       389

    accuracy                           0.91      4000
   macro avg       0.92      0.91      0.91      4000
weighted avg       0.92      0.91      0.91      4000
