              precision    recall  f1-score   support

           0       0.95      0.99      0.97       395
           1       0.96      0.92      0.94       395
           2       0.93      0.92      0.92       415
           3       0.95      0.96      0.95       406
           4       0.93      0.92      0.93       402
           5       0.96      0.98      0.97       402
           6       0.95      0.95      0.95       388
           7       0.94      0.94      0.94       419
           8       0.94      0.92      0.93       389
           9       0.96      0.98      0.97       389

    accuracy                           0.95      4000
   macro avg       0.95      0.95      0.95      4000
weighted avg       0.95      0.95      0.95      4000
