              precision    recall  f1-score   support

           0       0.84      0.77      0.80      5000
           1       0.88      0.92      0.90      5000
           2       0.60      0.81      0.69      5000
           3       0.76      0.49      0.59      5000
           4       0.83      0.67      0.74      5000
           5       0.76      0.66      0.71      5000
           6       0.75      0.87      0.81      5000
           7       0.77      0.88      0.82      5000
           8       0.90      0.85      0.88      5000
           9       0.82      0.91      0.86      5000

    accuracy                           0.78     50000
   macro avg       0.79      0.78      0.78     50000
weighted avg       0.79      0.78      0.78     50000
