              precision    recall  f1-score   support

           0       0.99      0.99      0.99       395
           1       0.97      0.71      0.82       395
           2       0.89      0.81      0.85       415
           3       0.97      0.91      0.94       406
           4       0.88      0.86      0.87       402
           5       0.89      0.99      0.94       402
           6       0.95      0.93      0.94       388
           7       0.73      0.95      0.82       419
           8       0.88      0.89      0.89       389
           9       0.96      0.96      0.96       389

    accuracy                           0.90      4000
   macro avg       0.91      0.90      0.90      4000
weighted avg       0.91      0.90      0.90      4000
