              precision    recall  f1-score   support

           0       0.98      0.99      0.99       395
           1       0.74      0.97      0.84       395
           2       0.95      0.81      0.88       415
           3       0.94      0.93      0.94       406
           4       0.93      0.89      0.91       402
           5       0.85      0.99      0.91       402
           6       0.96      0.94      0.95       388
           7       0.97      0.79      0.87       419
           8       0.90      0.90      0.90       389
           9       0.99      0.94      0.96       389

    accuracy                           0.91      4000
   macro avg       0.92      0.91      0.91      4000
weighted avg       0.92      0.91      0.91      4000
