              precision    recall  f1-score   support

           0       0.91      0.97      0.94       395
           1       0.44      0.83      0.58       395
           2       0.17      0.52      0.26       415
           3       0.27      0.27      0.27       406
           4       0.71      0.05      0.10       402
           5       0.00      0.00      0.00       402
           6       0.87      0.92      0.90       388
           7       0.22      0.05      0.08       419
           8       0.48      0.83      0.61       389
           9       0.00      0.00      0.00       389

    accuracy                           0.44      4000
   macro avg       0.41      0.44      0.37      4000
weighted avg       0.41      0.44      0.37      4000
