              precision    recall  f1-score   support

           0       0.99      0.99      0.99       395
           1       0.41      0.84      0.55       395
           2       0.25      0.90      0.39       415
           3       0.96      0.95      0.95       406
           4       0.21      0.01      0.01       402
           5       0.00      0.00      0.00       402
           6       0.00      0.00      0.00       388
           7       0.38      0.12      0.19       419
           8       0.47      0.94      0.63       389
           9       0.00      0.00      0.00       389

    accuracy                           0.47      4000
   macro avg       0.37      0.47      0.37      4000
weighted avg       0.37      0.47      0.37      4000
